8.549721031  2.542612497  3608.218641  -650.4209657  
8.176278918  2.431554068  1106.164596  -2147.776755  
7.992656523  2.376946369  1232.6862  -266.8941634  
7.992123392  2.37678782  1977.290963  -585.7434941  
7.514220395  2.234663635  984.4805065  -153.0146698  
6.883577081  2.047115812  634.3717948  -110.3044021  
6.680605819  1.986753928  487.7046583  -162.2224292  
6.542708941  1.945744599  789.9367822  -168.5140852  
6.16321589  1.832886674  1550.52629  -226.2139073  
6.148712747  1.828573565  3412.041276  -119.9353607  
5.974504931  1.77676568  1802.591265  -331.4455058  
5.762219322  1.71363379  285.718317  -186.9020977  
5.549544158  1.650386051  2034.534087  -418.9537267  
5.155049865  1.533066887  1681.738112  -165.982221  
4.914860988  1.461636809  821.3483227  -158.0163459  
